0.453717
-0.24951
-0.24951
-0.17395
-0.289321
0.167462
-0.458384
-0.087962
-0.464299
0.333069
-0.725592
0.182986
-0.103396
0.176449
-0.596626
-0.066194
0.762308
-0.946378
-0.828432
0.594297
-0.773069
0.50339
-0.856992
1.085306
-0.645519
-0.878761
0.889386
-0.632490
-0.353093
-0.280270
0.226902
-0.430020
0.182893
-0.300204
0.072433
-0.251448
-0.281516
0.017019
-0.096386
0.717311
-0.202788
0.137148
-0.727322
0.339431
-0.6867
0.313261
-0.777945
0.163872
-0.580791
1.211419
-0.776881
-0.776881
-0.209393
0.451274
0.150142
0.404893
0.41815
0.42545
0.043577
0.043577
0.043577
0.043107
0.043107
0.043107
0.37938
0.414044
0.345651
0.220697
0.089955
0.097475
0.098436
0.087674
0.082571
0.083591
0.191211
0.135672
0.180258
0.017111
0.158756
0.003831
0.038121
0.036583
0.028431
0.08285
0.346095
