 -0.791545	
 1.008534	
 -0.754135	
 -0.801285	
 0.751523	
 -0.714438	
 -0.080781	
 -0.644967	
 0.617929	
 -0.495170	
 0.176289	
 -0.275806	
 0.063042	
 -0.299724	
 -0.359185	
 -0.168589	
 -0.033925	
 0.390432	
 0.064814	
 0.639262	
 -0.785010	
 -0.160614	
 -0.754559	
 0.365773	
 -0.807585	
 0.142681	
 -0.583282	
 1.384301	
 -0.936841	
 -0.936841	
 -0.936841	
 0.356858	
 0.179027	
 0.063773	
 0.063773	
 0.063773	
 0.074549	
 0.074549	
 0.074549	
 0.272764	
 -0.002488	
 -0.002488	
 -0.004190	
 0.443209	
 0.092762	
 0.454065	
 -0.008625	
 0.518841	
 0.000922	
 0.000922	