1.306121
-0.817209
-0.817209
-0.474461
0.048414
0.254153
-0.593589
0.028387
-0.774751
0.431508
-0.762712
0.338658
-0.149270
0.249746
-0.612856
-0.070225
0.785243
-0.840733
-0.841144
0.638997
-0.792987
0.526330
-0.855237
1.079178
-0.759832
-0.872001
0.831134
-0.692836
-0.112172
-0.634688
0.677715
-0.517300
0.195970
-0.273962
0.006497
-0.196672
-0.228590
-0.326963
0.176507
0.336845
-0.168242
0.419655
-0.677911
0.039510
-0.711893
0.184246
-0.695972
0.044390
-0.550443
1.332582
-0.802806
-0.802806
-0.513873
0.454889
0.524349
0.476212
0.477102
0.414683
0.093487
0.093487
0.093487
0.082843
0.082843
0.082843
0.395122
0.383406
0.200758
0.081854
0.067109
0.068403
0.060583
0.052864
0.054147
0.163514
0.071450
0.130563
0.085623
0.050794
0.088515
0.089514
-0.020815
0.038290
-0.005086
0.076725
