0.433317
-0.26951
-0.26951
-0.19895
-0.296521
0.147062
-0.468084
-0.094962
-0.484299
0.333069
-0.736892
0.173986
-0.104396
0.177449
-0.597726
-0.067194
0.763304
-0.947378
-0.829632
0.594297
-0.775069
0.50339
-0.930091
1.113876
-0.773981
-0.968596
0.940032
-0.752307
-0.379987
-0.706256
0.374905
-0.467227
0.158680
-0.311982
0.029025
-0.236577
-0.334539
0.007819
-0.055958
0.603486
-0.226802
0.157148
-0.717322
0.329431
-0.6867
0.323261
-0.767945
0.173872
-0.570791
1.211419
-0.766881
-0.766881
-0.199393
0.461274
0.160142
0.414893
0.42815
0.43545
0.053577
0.053577
0.053577
0.053107
0.053107
0.053107
0.38938
0.412026
0.402144
0.197418
0.084989
0.081634
0.083848
0.063032
0.065168
0.066282
0.195046
0.092007
0.162884
0.016111
0.157756
-0.007169
0.037121
0.036583
0.027431
0.08285
0.345095
