1.221422  
-0.920806 
-0.920806 
-0.482614 
0.060457  
0.261554  
-0.597793 
0.011164  
-0.770260 
0.430407  
-0.769157 
0.349161  
-0.151907 
0.270718  
-0.614914 
-0.064329 
0.782873  
-0.941011 
-0.841409 
0.640384  
-0.791607 
0.520323  
-0.626194 
 0.873411 
-0.632444 
-0.701327 
 0.730667 
-0.582390 
-0.035211 
-0.642155 
 0.422580 
-0.543986 
 0.179032 
-0.259896 
 0.112372 
-0.294874 
-0.355141 
 0.049767 
-0.374869 
 0.365036 
-0.019476 
0.687185  
-0.777208 
-0.144280 
-0.705803 
0.242609  
-0.728680 
0.068289  
-0.554936 
1.364840  
-0.809045 
-0.809045 
-0.532912 
0.059692  
0.059692  
0.083768  
0.092412  
0.524117  
-0.019011 
0.477394  
0.075507  
0.135684  
0.395088  
0.395088  
0.037563  
0.394171  
0.394496  
0.373308  
0.241241  
0.084321  
0.083568  
0.083022  
0.087271  
0.090509  
0.090225  
0.197042  
0.11277   
0.095155  
0.441686  
0.104537  
0.480438  
0.034238  
0.480737  
0.055490  
0.055490  
0.055490  
