 -0.845849	
 1.070191	
 -0.783346	
 -0.840157	
 0.803002	
 -0.758601	
 -0.253488	
 -0.677656	
 0.373904	
 -0.471708	
 0.115883	
 -0.258376	
 0.104414	
 -0.365441	
 -0.437627	
 -0.024490	
 0.054863	
 0.386010	
 0.103544	
 0.493747	
 -0.798127	
 -0.094658	
 -0.751974	
 0.352115	
 -0.813342	
 0.160167	
 -0.581778	
 1.386746	
 -0.938086	
 -0.938086	
 -0.938086	
 0.366143	
 0.362078	
 0.185061	
 0.060796	
 0.060796	
 0.060796	
 0.091606	
 0.091606	
 0.091606	
 0.289033	
 -0.016506	
 -0.016506	
 0.036589	
 0.468876	
 0.087394	
 0.445482	
 0.000223	
 0.519206	
 -0.008996	
 -0.008996	